#p_Phenylenediamine type C-1, H-2, N-4

18 atoms

Coords

1     4.836567789         8.153013289         7.964034677
2     5.568992347         9.384579062         8.073694110
3     6.934531331         9.402179718         7.931409180
4     7.658876181         8.189827502         7.668641210
5     6.967662424         6.960632801         7.941884995
6     5.602335334         6.942806393         8.085093498
7     2.980357334         8.954051435         8.458472192
8     3.002976403         7.305986881         8.466966748
9     5.027624667        10.330840051         8.168180287
10    7.458946556        10.362201333         7.915108502
11    9.554656148         9.039368033         7.734349966
12    9.576617181         7.391970009         7.746916115
13    7.517989576         6.015296727         7.933676541
14    5.086811632         5.982729793         8.187451065
15    9.254777133         8.222454786         9.195601344
16    3.627441823         8.145760596         9.807811081
17    3.553592786         8.138903975         8.710761666
18    9.074863493         8.212025464         8.108822107

Types 

1  1  
2  1  
3  1  
4  1  
5  1  
6  1  
7  2   
8  2  
9  2  
10 2  
11 2  
12 2  
13 2  
14 2  
15 2  
16 2
17 4
18 4  


