#p_Phenylenediamine type C-1, H-2, N-4

16 atoms

Coords

1     5.495301783         7.457862496         7.512239814
2     6.197072268         8.671203554         7.431178540
3     7.582292855         8.695184290         7.278803587
4     8.325787783         7.506618798         7.200691402
5     7.625262737         6.293247789         7.292912006
6     6.239925921         6.269304156         7.445326746
7     3.615265042         8.263924420         7.396474779
8     3.643537536         6.588180810         7.395864129
9     5.650245845         9.616290629         7.490676194
10     8.096255064         9.658558667         7.221286744
11    10.105381608         8.370702267         6.668778509
12    10.136086643         6.695712805         6.689845026
13     8.173357844         5.348340422         7.246591151
14     5.727363378         5.306135863         7.516014576
15     4.104968011         7.434105277         7.724524140
16     9.729265273         7.531187832         7.105153352

Types 

1 1  
2 1  
3 1  
4 1  
5 1  
6 1  
7 2   
8 2  
9  2  
10 2  
11 2  
12 2  
13 2  
14 2  
15 4  
16 4  


