# p_Toluenesulfonic_acid  C-1 H-2 O-3 S-5

18 atoms

Coords

1     8.191644251         5.650959313         8.795748160
2     9.584413469         8.085020185         8.841219469
3     9.598811567         5.646642298         8.809181056
4     7.477071136         6.862380356         8.808058015
5    10.280171335         6.853284985         8.835448840
6     8.174090981         8.062773943         8.833828249
7    10.338159800         9.376695156         8.842195615
8    10.132724941         4.695362449         8.784618209
9     6.386522055         6.841890514         8.783217488
10    11.372864842         6.858701259         8.843385943
11     7.626709342         9.008079171         8.840417703
12    10.998786092         9.445297122         9.721891075
13    10.994507968         9.447534084         7.958714986
14     9.669021070        10.246059895         8.844600912
15     7.120283246         3.784566075        10.235913049
16     8.158652186         3.128067702         8.132954069
17     6.027929038         4.353371859         8.134550019
18     7.305032015         4.107783437         8.809164945


Types 

1   1  
2   1 
3   1  
4   1  
5   1  
6   1  
7   1  
8   2  
9   2  
10  2  
11  2  
12  2  
13  2  
14  2  
15  3
16  3  
17  3  
18  5  
