# p_Toluenesulfonic_acid  C-1 H-2 O-3 S-5

19 atoms

Coords

1     6.949842274         6.551428735         7.394995540
2     8.343720138         8.974861801         7.443612814
3     8.347996473         6.538414210         7.413314134
4     6.236379594         7.751225531         7.412448227
5     9.032852054         7.749844193         7.439672649
6     6.940984726         8.954317868         7.438725829
7     9.100958705        10.274091661         7.432323396
8     8.881774843         5.588064641         7.386720926
9     5.146500170         7.735252976         7.385466993
10    10.125974715         7.747399807         7.441106737
11     6.390521228         9.898273051         7.439782172
12     9.758088291        10.360676050         8.311327994
13     9.745505154        10.343773663         6.542290449
14     8.422197104        11.136908233         7.426726520
15     5.412949473         3.897133023         8.983659446
16     5.910181850         4.736562967         8.879690766
17     6.924336255         4.000370800         6.722969860
18     4.758313894         5.241529942         6.725667715
19     6.070921719         5.019869506         7.279496938

Types 

1   1  
2   1 
3   1  
4   1  
5   1  
6   1  
7   1  
8   2  
9   2  
10  2  
11  2  
12  2  
13  2  
14  2  
15  2  
16  3  
17  3  
18  3  
19  5  
