# 2,4 Dimethylphenol  C-1 H-2 O-3 

19 atoms

Coords

1           3.15207        1.16339       -0.12854
2           2.47417       -0.05020        0.02553
3           5.25441       -0.08874       -0.31537
4           4.55040        1.12382       -0.29608
5           3.16469       -1.26240        0.00334
6           4.54745       -1.28430       -0.16968
7           2.50252        2.51678       -0.09260
8           6.74119       -0.11556       -0.51284
9           0.71618        0.71953        0.15117
10           5.09854        2.05830       -0.41035
11           2.61932       -2.19502        0.12139
12           5.06767       -2.23913       -0.18719
13           1.41198        2.47927       -0.11404
14           2.81410        3.10407       -0.96338
15           2.80244        3.04753        0.81712
16           7.16955        0.89144       -0.47461
17           6.98234       -0.55184       -1.48730
18           7.21793       -0.70771        0.27501
19           1.12472       -0.15511        0.20368

Types 

1   1  
2   1 
3   1  
4   1  
5   1  
6   1  
7   1  
8   1  
9   2  
10  2  
11  2  
12  2  
13  2  
14  2  
15  2  
16  2  
17  2  
18  2  
19  3  

